0;962948
0.004196;962924
0.004497;962918
0.004976;962917
0.006857;962869
0.008034;962843
0.011731;962797
0.014572;962783
0.015919;962768
0.017496;962754
0.017993;962736
0.020511;962698
0.024863;962688
0.025995;962687
0.026271;962665
0.055214;962576
0.057073;962539
0.062221;962537
0.067361;962527
0.071922;962521
0.075469;962518
0.076152;962509
0.076736;962455
0.081342;962450
0.081725;962417
0.082255;962411
0.083112;962379
0.084047;962378
0.084348;962367
0.08735;962340
0.096681;962337
0.098871;962324
0.104996;962317
0.107242;962310
0.115909;962306
0.116279;962305
0.116672;962288
0.119775;962286
0.122094;962227
0.122865;962209
0.123277;962198
0.128688;962197
0.130026;962178
0.130312;962176
0.14416;962169
0.14568;962046
0.147975;961982
0.202005;961966
0.207879;961963
0.212389;961917
0.217244;961904
0.218358;961902
0.218855;961884
0.221884;961875
0.226803;961841
0.230385;961840
0.230606;961832
0.235198;961816
0.238142;961814
0.241152;961794
0.242742;961744
0.246618;961740
0.247286;961693
0.25224;961654
0.292005;961649
0.310719;961496
0.318958;961483
0.321404;961482
0.322116;961479
0.325193;961474
0.330943;961472
0.333281;961467
0.333578;961453
0.3387;961396
0.34304;961340
0.347091;961331
0.369635;961324
0.371889;961323
0.372324;961320
0.399053;961303
0.399666;961302
0.402566;961298
0.402907;961249
0.403687;961246
0.421516;961243
0.427714;961237
0.434833;961233
0.435108;961231
0.456365;961224
0.460479;961223
0.462403;961200
0.468016;961139
0.473834;961138
0.48176;961131
0.484756;961111
0.494711;961088
0.495033;961082
0.496668;961063
0.497294;961055
0.559939;961043
0.562148;961000
0.563296;960940
0.563605;960933
0.56408;960932
0.566557;960914
0.57031;960913
0.57072;960911
0.572883;960910
0.587606;960840
0.590452;960815
0.603197;960802
0.603516;960800
0.607419;960672
0.62503;960563
0.625847;960540
0.626119;960539
0.626877;960538
0.627647;960535
0.639697;960511
0.641223;960509
0.706657;960465
0.708741;960453
0.709231;960446
0.710253;960436
0.715083;960429
0.721414;960425
0.724285;960412
0.726561;960402
0.727058;960401
0.740681;960391
0.744761;960389
0.746372;960387
0.746715;960361
0.750249;960346
0.754126;960334
0.755009;960310
0.758234;960270
0.983755;960218
0.987434;960200
0.98835;960187
0.988623;960185
0.991589;960179
0.997186;960057
0.997491;960056
1.006211;960007
1.009364;959998
1.011926;959994
1.064021;959987
1.065381;959981
1.126178;959963
1.12659;959962
1.127004;959942
1.130459;959931
1.132533;959928
1.133262;959920
1.137824;959827
1.138369;959792
1.138647;959791
1.140596;959729
1.142276;959670
1.147442;959668
1.147832;959658
1.14819;959650
1.151558;959628
1.153639;959624
1.157489;959616
1.161408;959610
1.164098;959584
1.169505;959518
1.170666;959509
1.171491;959486
1.172196;959462
1.182066;959460
1.190288;959206
1.195257;959104
1.195626;959101
1.196298;959088
1.196667;959083
1.19968;958912
1.203026;958811
1.203286;958800
1.205889;958759
1.207289;958758
1.225233;958729
1.23237;958712
1.235746;958490
1.307687;958488
1.309126;958404
1.309582;958403
1.310639;958401
1.531978;958400
1.540194;958341
1.540511;958340
1.556531;958322
1.561079;958309
1.573031;958290
1.578426;958259
1.579824;958219
1.584452;958216
1.607079;958212
1.608719;958210
1.609505;958178
1.611247;958078
1.611894;958043
1.61498;957948
1.636381;957947
1.641357;957939
1.642719;957921
1.651455;957858
1.653734;957849
1.654153;957846
1.656964;957841
1.658781;957802
1.659104;957801
1.659678;957786
1.660397;957777
1.670234;957755
1.693661;957749
1.69521;957724
1.703687;957713
1.705096;957704
1.706728;957700
1.708546;957647
1.722979;957618
1.728442;957607
1.761928;957602
1.763382;957566
1.764022;957558
1.766002;957554
1.770348;957550
1.770646;957543
1.772809;957507
1.774092;957505
1.782638;957501
1.782945;957499
1.783601;957480
1.785679;957441
1.788786;957377
1.823918;957259
1.832019;957219
2.005959;957174
2.006751;957172
2.007385;957168
2.016547;957155
2.018092;957149
2.020048;957147
2.023229;957106
2.024107;957102
2.024602;957098
2.100254;957096
2.102634;957091
2.104528;957085
2.107278;957067
2.110604;957066
2.201168;957018
2.204436;956997
2.204942;956995
2.283386;956958
2.287003;956953
2.294259;956944
2.4607;956933
2.464666;956854
2.469616;956847
2.470859;956846
2.475414;956731
2.48612;956729
2.486664;956727
2.487591;956719
2.488928;956715
2.493721;956706
2.538703;956433
2.644731;956377
2.65077;956316
2.665761;956312
2.666043;956309
2.666644;956292
2.671043;956284
2.671748;956273
2.672068;956261
2.708024;956253
2.711068;956238
2.736033;956226
2.741747;956212
2.746281;956210
3.059398;956166
3.061233;956078
3.065604;956070
3.067639;956052
3.071541;956030
3.082866;956027
3.0875;955980
3.0961;955947
3.396222;955929
3.39779;955925
3.400114;955845
3.400359;955842
3.400512;955841
3.518464;955831
3.558271;955816
3.56089;955753
3.570393;955744
3.570744;955714
3.571343;955711
3.574624;955698
3.578602;955680
3.582623;955632
3.594773;955593
3.595039;955590
3.597024;955587
3.597988;955586
3.648333;955578
3.652279;955577
3.653469;955573
3.656802;955564
3.665571;955550
3.669957;955543
3.684026;955498
3.72925;955474
3.733664;955458
3.73387;955455
3.736877;955433
3.810089;955422
3.82494;955413
3.827417;955412
3.827913;955410
3.830555;955408
3.835268;955368
3.839126;955367
3.839454;955365
3.852684;955362
3.854487;955339
3.855941;955334
3.859881;955333
3.860124;955332
3.861901;955329
3.899794;955287
3.923025;955256
3.954288;955197
3.955097;955167
3.957442;955156
3.962554;955155
3.996986;955135
3.997576;955110
3.998285;955104
4.002167;955100
4.002465;955096
4.012;955095
4.013085;955094
4.014077;955078
4.020351;955076
4.020767;955074
4.024755;955073
4.321787;955056
4.338041;955016
4.339807;954981
4.340692;954951
4.343282;954933
4.352641;954932
4.418873;954928
4.420184;954879
4.424201;954877
4.426326;954871
4.50377;954808
4.506853;954807
4.507287;954804
4.519781;954794
4.521447;954761
4.52465;954749
4.524987;954739
4.527472;954701
4.531116;954697
4.536523;954686
4.538316;954683
4.544593;954679
4.562228;954661
4.563087;954634
4.565533;954633
4.611341;954602
4.626048;954579
4.628574;954578
4.631024;954570
4.63669;954559
4.637928;954508
4.638534;954501
4.645795;954499
4.651769;954453
4.664902;954448
4.665981;954402
4.673342;954368
4.676089;954350
4.679749;954348
4.680713;954324
4.680933;954313
4.6815;954312
4.683742;954311
4.688287;954310
4.70488;954299
4.706645;954292
4.708816;954259
4.709642;954249
4.711422;954210
4.711658;954207
4.714451;954206
4.718882;954204
4.748045;954193
4.749242;954182
4.753818;954165
4.756457;954157
4.780398;954135
4.834384;954128
4.845822;954123
4.846212;954122
4.84847;954079
4.86894;954037
4.882722;954003
4.888642;953953
4.892705;953951
4.894753;953949
4.898593;953877
4.901362;953876
4.902547;953874
4.90304;953852
4.914023;953845
4.919168;953841
4.919555;953794
4.920067;953788
4.922831;953768
4.923748;953756
4.929079;953755
4.93497;953748
4.947213;953747
5.053001;953730
5.074262;953721
5.074883;953668
5.07625;953663
5.089228;953654
5.0946;953639
5.104092;953626
5.104336;953625
5.12766;953620
5.135571;953616
5.244733;953604
5.246212;953602
5.247859;953598
5.248146;953592
5.254431;953503
5.254995;953495
5.255599;953490
5.305283;953488
5.307582;953486
5.30901;953485
5.311498;953471
5.313445;953467
5.317433;953457
5.338232;953434
5.339975;953433
5.340569;953426
5.341721;953329
5.347285;953314
5.351164;953310
5.353037;953309
5.372007;953254
5.572166;953203
6.312496;953171
6.317027;953125
6.337517;953124
6.381578;953117
6.384415;953049
6.386341;953047
6.389342;953039
6.421108;953022
6.428278;952988
6.485647;952974
6.487682;952973
6.493337;952965
6.51403;952953
6.514563;952948
6.517495;952928
6.519247;952926
6.522484;952920
6.523999;952914
6.525265;952909
6.52651;952901
6.548479;952898
6.552227;952884
6.58018;952849
6.58392;952787
6.587786;952761
6.592116;952755
6.690505;952724
6.715617;952709
6.720786;952699
6.722373;952643
6.725112;952619
6.727527;952597
7.05731;952569
7.064168;952549
7.06546;952547
7.06717;952543
7.067607;952541
7.082006;952528
7.089079;952524
7.093007;952509
7.095104;952496
7.096139;952495
7.100503;952458
7.102859;952455
7.10399;952422
7.105945;952411
7.107772;952404
7.107945;952403
7.108193;952401
7.126129;952392
7.136797;952391
7.138748;952390
7.14072;952389
7.141796;952383
7.142199;952382
7.142519;952379
7.144926;952370
7.145792;952364
7.161873;952360
7.16337;952359
7.164195;952326
7.176691;952319
7.185568;952300
7.216041;952292
7.220093;952289
7.220575;952288
7.223752;952222
7.285411;952177
7.310642;952174
7.312658;952157
7.314678;952137
7.554233;952130
7.563783;952120
7.571774;952113
7.580361;952107
7.580892;952089
7.582953;952084
7.583592;952083
7.590109;952044
7.592033;952037
7.592808;952035
7.597387;952031
8.063805;951952
8.079999;951949
8.087597;951928
8.131488;951917
8.148235;951915
8.148551;951912
8.150545;951905
8.170177;951900
8.187193;951886
8.193153;951879
8.195808;951878
8.205599;951875
8.20773;951872
8.208005;951870
8.219137;951862
8.227866;951840
8.228622;951839
8.238285;951835
8.241738;951824
8.245225;951775
8.247327;951771
8.261908;951770
8.262306;951766
8.26264;951761
8.268665;951738
8.386375;951705
8.38689;951704
8.388745;951703
8.395101;951702
8.399255;951675
8.402864;951674
8.419925;951668
8.42062;951663
8.483156;951653
8.489273;951628
8.505852;951623
8.515909;951619
8.526626;951602
8.542926;951578
8.569708;951576
8.659248;951574
8.695765;951565
8.697295;951554
8.706755;951516
8.710935;951515
8.716764;951487
8.717857;951484
8.720952;951470
8.7251;951464
8.725431;951458
8.725701;951457
8.727375;951446
8.728532;951433
8.734877;951424
8.858528;951422
8.865;951421
8.872627;951415
8.882203;951356
8.901383;951294
8.995914;951285
8.997438;951283
9.001651;951268
9.009263;951259
9.012154;951250
9.014646;951247
9.019047;951241
9.047731;951197
9.05802;951195
9.063197;951185
9.066201;951184
9.071994;951180
9.072278;951179
9.075979;951174
9.084908;951171
9.086466;951168
9.137402;951165
9.150221;951150
9.158113;951146
9.158877;951123
9.162732;951122
9.167423;951060
9.210927;951031
9.217422;951021
10.784969;951013
10.925734;951007
10.926627;951000
10.927778;950985
10.928329;950983
10.92863;950982
11.946824;950981
11.958513;950978
11.996303;950962
12.015176;950960
12.027793;950956
12.033611;950947
12.035617;950946
12.049027;950945
12.058157;950944
12.226661;950941
12.244542;950940
12.24835;950937
12.259476;950929
12.332607;950894
12.335672;950892
12.357772;950890
12.371626;950885
12.471302;950864
12.493915;950850
12.498863;950835
12.509351;950832
12.516265;950800
12.526101;950789
12.555206;950774
12.557207;950772
12.566828;950769
12.567745;950765
12.568551;950764
12.569909;950752
12.585582;950750
12.587152;950749
12.590354;950744
12.592143;950742
12.593586;950736
12.593777;950731
12.596121;950730
12.613661;950724
12.615849;950706
12.617237;950705
12.637953;950685
12.645576;950675
12.906074;950619
12.906673;950617
12.914113;950613
13.08766;950612
13.216446;950600
13.234587;950590
13.244658;950512
13.248741;950503
13.249024;950501
13.254703;950491
13.258579;950490
13.271293;950489
13.280615;950479
13.297145;950449
13.306106;950447
13.306809;950439
13.533534;950431
13.541238;950425
13.556429;950411
13.562261;950399
13.569566;950392
13.5824;950391
13.587237;950390
13.603292;950388
13.611052;950371
13.744247;950322
13.750623;950320
13.789977;950317
13.790397;950310
13.791391;950296
13.805521;950292
13.85435;950265
13.858442;950252
13.872791;950243
13.874341;950241
13.879082;950205
13.882922;950190
13.900595;950180
13.905931;950162
13.909128;950159
13.910846;950157
13.914455;950137
13.917972;950127
13.920625;950123
13.938399;950118
14.100187;950117
14.105845;950110
14.121186;950109
14.121557;950108
14.126773;950022
14.140862;950015
14.151225;950008
14.176142;950005
14.197916;949965
14.202571;949953
14.224119;949929
14.232714;949927
14.237416;949926
14.24151;949925
14.242617;949911
14.248062;949895
14.251763;949894
14.258178;949880
14.258955;949879
14.259408;949876
14.29932;949844
14.304941;949822
14.305251;949821
14.308668;949818
14.310714;949746
14.326671;949744
14.655219;949721
14.660131;949710
14.660898;949706
14.66337;949703
14.697714;949696
14.698686;949668
14.70046;949664
14.706136;949654
14.707081;949652
14.708618;949646
14.712677;949637
14.72673;949635
14.733611;949625
14.747757;949621
14.766826;949614
14.772699;949612
14.779984;949605
14.780293;949593
14.820938;949583
14.831991;949581
14.853284;949573
14.853963;949572
14.858117;949563
14.86508;949544
14.86642;949456
14.866652;949454
14.867152;949440
14.874428;949436
14.889733;949386
14.892735;949378
14.897167;949375
14.899694;949373
14.959964;949357
14.962341;949353
14.964515;949344
14.967424;949343
15.063331;949334
15.067846;949329
15.100269;949328
15.108142;949320
15.115976;949305
15.119999;949301
15.260659;949299
15.262217;949276
15.268495;949263
15.27388;949259
15.51969;949234
15.523386;949228
15.524773;949219
15.525128;949194
15.568514;949193
15.594711;949143
15.623424;949139
15.642705;949138
15.987608;949135
15.988544;949127
16.035994;949126
16.039617;949107
16.046035;949032
16.102932;949019
16.103623;949013
16.114785;948991
16.119946;948989
16.124263;948987
16.140554;948964
16.253774;948957
16.254202;948955
16.256441;948953
16.263928;948952
16.378561;948941
16.383427;948940
16.383762;948939
16.384083;948938
16.406707;948932
16.425391;948922
16.438552;948883
16.46361;948882
16.722687;948866
16.745947;948860
16.746588;948854
16.760041;948853
16.969324;948849
16.970576;948842
17.108322;948835
17.11209;948834
17.27967;948833
17.290302;948826
17.297259;948814
17.323336;948787
17.323651;948785
17.35668;948775
17.360966;948762
17.370719;948743
17.373955;948742
17.404645;948731
17.413839;948729
17.439475;948728
17.44434;948716
17.460348;948715
17.463235;948702
17.474724;948700
17.475451;948699
17.476384;948689
17.477462;948687
18.354479;948686
18.4482;948682
18.450696;948679
18.451463;948678
18.453537;948677
18.600797;948662
18.619768;948653
18.62478;948652
18.638835;948651
18.660559;948647
18.667139;948631
18.673332;948626
18.780044;948624
19.123644;948599
19.125175;948589
19.165704;948588
19.171748;948586
19.179865;948583
19.255594;948577
19.260946;948576
19.269231;948568
19.27311;948554
19.281312;948551
19.322731;948543
19.325798;948529
19.330766;948504
19.342875;948488
19.343202;948484
19.386558;948478
19.389028;948474
19.391343;948472
20.856511;948468
20.864765;948466
20.872136;948457
20.875805;948454
21.14302;948370
21.216231;948363
21.220219;948362
21.225983;948347
21.22923;948343
21.229884;948318
21.252035;948317
21.254157;948314
21.47374;948310
21.483267;948307
21.507324;948297
21.512147;948295
21.530587;948293
21.538584;948255
21.54591;948254
21.546271;948242
21.576502;948236
21.582493;948217
21.583891;948186
21.608998;948176
21.615341;948173
21.62599;948167
21.637589;948150
21.731186;948146
21.732541;948139
21.733946;948137
21.740206;948129
21.763703;948127
21.767545;948121
21.768443;948100
21.797448;948056
21.79777;948042
21.799292;948035
21.908838;948019
21.922575;948010
22.001876;948000
22.004807;947999
22.013528;947992
22.016053;947979
22.0231;947977
22.038888;947967
22.03966;947964
22.048668;947957
22.060772;947956
22.066599;947954
22.077009;947952
22.082344;947951
22.089037;947949
22.113127;947938
22.161163;947921
22.161584;947920
22.164798;947916
22.165855;947915
22.218005;947911
22.279099;947908
22.292985;947903
22.295845;947890
22.343276;947889
22.452993;947886
22.529374;947874
22.5353;947873
22.557523;947855
22.592864;947852
22.615317;947845
22.750512;947844
22.757034;947841
22.764321;947828
22.765596;947824
22.782163;947818
22.896859;947816
22.929947;947807
23.049561;947804
23.051334;947789
23.054443;947788
23.061;947769
23.062344;947763
23.068834;947762
23.087133;947706
23.096352;947705
23.146439;947684
23.194288;947683
23.215614;947669
23.241259;947667
23.245018;947666
23.254673;947665
23.469361;947658
23.522472;947657
23.5277;947527
23.541607;947525
23.545504;947521
23.549271;947519
23.576947;947518
23.57787;947515
23.605274;947511
23.764805;947510
23.770966;947509
23.781766;947504
23.789768;947503
23.868354;947495
23.949196;947480
23.97109;947479
23.982185;947476
24.120034;947474
24.148633;947472
24.14905;947470
24.153998;947467
24.157226;947463
24.163489;947462
24.232496;947454
24.240035;947447
24.67643;947445
24.677339;947444
24.688362;947441
24.68989;947440
24.720314;947439
24.730093;947432
24.731975;947426
24.756075;947420
24.77455;947418
24.787176;947390
24.794255;947387
24.798925;947370
24.926404;947368
24.933178;947367
24.938015;947365
24.942976;947362
24.946744;947352
25.521598;947351
25.52344;947350
25.550737;947347
25.554112;947332
25.760122;947329
25.787769;947317
25.965826;947314
25.973581;947312
25.992714;947298
26.000556;947297
26.026803;947296
26.028494;947295
26.169336;947288
26.171305;947286
26.207845;947282
26.224628;947279
26.226873;947278
26.235683;947276
26.243071;947270
26.251419;947266
26.410451;947265
26.485861;947264
26.48928;947262
26.509544;947257
26.51461;947250
26.528623;947249
26.533143;947245
26.548856;947239
26.553059;947237
26.570382;947233
26.57885;947229
26.58644;947219
27.012981;947210
27.077994;947202
27.094216;947191
27.097351;947187
27.106046;947186
27.578784;947150
27.592756;947147
27.601526;947144
27.607353;947140
27.607958;947133
27.727548;947132
27.764283;947129
27.77253;947108
27.77339;947103
27.777911;947088
27.80768;947086
27.811499;947082
27.821762;947079
27.834122;947067
27.860173;947060
27.89082;947058
28.045374;947055
28.053978;947052
28.06627;947051
28.095515;947048
28.124697;947033
28.135595;947030
28.14928;947029
28.179406;947015
28.181219;947014
28.182368;947010
28.182916;947009
28.189858;947008
28.212613;946995
28.218173;946994
28.219061;946993
28.223878;946992
28.234845;946988
28.249976;946982
28.263312;946978
28.273673;946977
28.638869;946973
28.650051;946968
28.695374;946965
28.771572;946963
29.01149;946867
29.012678;946863
29.023443;946851
29.02965;946844
29.032503;946843
29.033543;946839
29.038804;946824
29.076395;946822
29.356636;946815
29.425624;946810
29.431034;946808
29.431676;946807
29.460749;946799
29.476667;946790
29.527682;946779
29.529738;946772
29.535427;946768
29.546446;946764
29.550566;946759
29.550895;946758
29.551737;946757
29.580572;946755
29.711153;946753
29.724115;946751
29.725428;946750
29.822773;946732
29.830332;946731
29.836637;946730
29.840296;946728
29.84775;946724
29.858689;946723
29.859368;946722
29.861249;946718
29.895125;946698
30.019113;946697
30.038045;946696
30.03948;946692
30.176048;946689
30.185698;946682
30.241874;946649
30.255849;946647
30.267772;946645
30.340218;946643
30.343344;946636
30.356191;946633
30.358633;946631
30.36852;946629
30.379358;946625
30.454075;946621
30.482495;946620
30.493033;946605
30.496158;946598
30.497045;946596
30.502155;946595
30.526902;946584
30.536375;946582
30.541823;946573
30.56416;946572
30.567053;946567
30.570777;946566
30.592717;946565
30.62096;946563
30.680031;946559
30.68074;946557
30.688212;946556
30.976171;946555
30.996985;946554
31.013755;946548
31.017282;946547
31.023828;946543
31.025702;946540
31.027718;946539
31.060705;946537
31.062517;946526
31.066632;946524
31.067029;946516
31.092372;946515
31.109775;946509
31.21976;946508
31.353956;946507
31.840814;946505
31.948359;946503
31.985664;946498
31.997344;946497
32.01859;946496
32.047497;946495
32.047797;946493
32.180827;946486
32.227866;946485
32.267739;946484
32.352146;946481
32.360754;946478
32.375399;946470
32.379922;946461
32.410423;946460
32.435649;946457
32.473018;946439
32.705803;946433
32.823959;946432
32.852543;946402
32.979949;946390
33.334179;946387
33.705823;946371
33.719981;946369
33.731345;946368
33.739757;946367
33.743195;946366
33.7708;946362
33.8208;946346
33.854129;946345
33.880823;946344
33.913126;946341
33.916939;946338
33.964397;946333
33.969579;946331
34.010684;946328
34.011054;946326
34.019407;946325
34.024349;946324
34.024608;946323
34.02543;946320
34.166874;946319
34.198593;946318
34.204231;946317
34.519127;946316
34.536796;946315
34.55266;946314
34.580933;946308
34.588529;946307
34.610735;946294
34.998868;946293
35.050891;946291
35.055716;946270
35.079513;946265
35.130103;946264
35.138828;946252
35.915888;946248
35.961889;946246
36.021624;946238
36.643042;946210
36.64822;946209
36.667109;946208
36.67392;946205
36.688813;946202
36.735733;946201
36.75904;946188
36.765921;946164
36.775298;946138
36.792497;946131
36.818574;946123
36.851312;946122
36.85538;946121
36.857254;946120
36.872988;946119
37.173693;946115
37.174451;946113
37.23667;946112
37.237026;946109
37.346591;946106
37.362141;946101
37.436768;946100
37.442759;946084
37.474066;946009
37.522724;946007
37.646414;946006
37.674623;945999
37.688281;945996
37.732907;945995
37.867223;945988
38.095418;945948
38.101675;945947
38.204807;945935
38.205331;945934
38.269202;945933
38.471525;945932
38.493969;945930
38.520169;945926
38.598269;945921
38.601984;945920
38.734906;945918
38.736445;945916
38.823012;945908
38.823702;945872
38.869323;945867
38.901913;945860
38.939153;945858
38.959609;945857
39.00289;945856
39.017001;945855
39.155511;945853
39.205798;945850
39.231518;945848
39.258398;945843
39.311751;945838
39.329959;945836
39.385601;945834
39.393;945833
39.416132;945832
39.420973;945830
39.471349;945826
39.475108;945824
39.503307;945823
39.736806;945821
39.779575;945820
39.783662;945819
39.907672;945817
39.91545;945816
39.95808;945815
39.961045;945813
39.978876;945808
40.018137;945805
40.230404;945804
40.236952;945794
40.241837;945790
40.245197;945789
40.245823;945786
40.3355;945785
40.336666;945784
40.341152;945783
40.344973;945780
40.352612;945779
40.392327;945778
40.439513;945773
40.442455;945762
40.462234;945761
40.569994;945757
40.603723;945755
40.62235;945750
40.887209;945749
40.892818;945747
40.900145;945743
41.082131;945730
41.112533;945728
41.115564;945726
41.154461;945724
41.162857;945723
41.200993;945719
41.215454;945717
41.313723;945690
41.339961;945687
41.374846;945686
41.431336;945683
42.610544;945680
42.614206;945675
42.618039;945674
42.765171;945670
42.859675;945667
42.862058;945654
42.937591;945653
42.947059;945651
42.974394;945643
42.977173;945640
42.99958;945638
43.02089;945636
43.08602;945634
43.102584;945633
43.190677;945632
43.245728;945631
43.299332;945629
43.322032;945626
43.322409;945624
43.346574;945616
43.399454;945615
43.399843;945608
43.408588;945607
43.457786;945606
43.460287;945605
43.522463;945603
43.597265;945601
43.597708;945599
43.612882;945598
43.649765;945597
43.74623;945596
43.779863;945591
43.789132;945589
44.399197;945585
44.403679;945584
44.414607;945581
44.442156;945580
44.51482;945576
44.59288;945575
44.611662;945572
44.691586;945561
44.692733;945560
44.69511;945557
44.710885;945553
44.752428;945552
44.782194;945550
44.915892;945548
44.916495;945547
44.931765;945545
45.032336;945544
45.048371;945543
45.233396;945542
45.276822;945536
45.360596;945534
45.388351;945532
45.554921;945529
45.559556;945528
45.584438;945527
45.633251;945522
45.644019;945511
45.728969;945479
45.74855;945477
45.795076;945475
45.807436;945469
45.88544;945465
45.902718;945464
45.928191;945453
45.940036;945451
45.945245;945449
45.972186;945448
45.983243;945447
45.991151;945443
46.037198;945442
46.296727;945440
46.326882;945439
46.345154;945437
46.360211;945436
46.415598;945432
46.441812;945430
46.516167;945402
46.566066;945400
46.575678;945398
46.578491;945397
46.828522;945395
46.861;945390
46.878706;945389
46.882691;945388
46.908601;945385
46.99387;945382
47.098627;945381
47.138042;945366
47.209333;945365
47.260788;945363
47.521193;945358
47.525232;945353
47.57216;945352
47.623761;945349
47.639536;945346
47.654105;945341
47.686075;945340
47.737334;945339
47.738195;945338
47.799803;945328
47.864724;945323
48.00446;945322
48.0784;945321
48.085761;945320
48.096311;945318
48.247445;945315
48.661461;945305
48.667443;945304
48.729358;945302
48.764686;945298
48.777609;945297
48.823587;945293
48.842003;945278
49.526077;945271
49.531584;945267
49.669002;945265
49.758014;945263
49.758364;945262
49.790222;945260
49.797298;945249
49.826201;945247
49.86705;945244
50.249526;945238
50.251986;945237
50.259392;945236
50.43359;945235
50.445874;945234
50.467906;945232
50.693669;945228
50.764716;945227
50.837172;945210
51.057071;945203
51.095061;945202
51.124118;945201
51.13391;945200
51.194063;945199
51.219206;945198
51.252577;945196
51.318765;945195
51.708409;945189
51.761853;945180
51.776741;945179
51.80496;945173
51.965705;945172
52.070465;945171
52.11365;945165
52.162178;945162
52.175271;945161
52.200342;945160
52.227256;945158
52.253406;945155
52.286989;945151
52.312098;945150
52.332252;945148
52.362395;945147
52.387189;945144
52.630175;945143
52.646117;945119
52.81297;945118
52.982768;945117
53.016944;945115
53.19185;945114
53.23118;945105
53.249623;945104
53.257698;945103
53.46962;945091
53.564425;945090
53.616327;945087
53.619402;945085
53.670592;945083
53.733102;945079
53.743804;945077
53.758245;945076
53.774135;945075
54.003621;945071
54.136358;945070
54.197764;945068
54.207995;945067
54.23619;945066
54.765712;945056
54.824535;945055
54.858191;945054
54.873829;945053
54.954515;945052
55.61791;945022
55.66008;945021
55.696314;945020
55.829212;944965
55.840412;944964
55.872413;944963
55.885794;944958
55.891639;944957
56.288728;944945
56.292243;944940
56.307976;944938
56.347349;944937
56.364246;944934
56.469925;944930
56.490367;944928
56.537267;944927
56.545261;944925
56.581216;944924
56.626152;944923
56.672792;944919
56.682551;944918
56.72198;944916
56.724755;944915
56.732612;944914
56.762227;944913
56.98303;944909
57.151209;944895
57.176141;944797
57.193764;944795
57.207629;944794
57.267977;944792
57.465075;944775
57.493607;944773
57.528203;944769
57.576754;944768
57.588801;944766
57.694034;944765
57.773201;944764
57.839012;944730
57.872362;944724
57.935241;944722
57.981794;944721
58.013526;944720
58.030497;944719
58.088169;944708
58.102504;944699
58.251167;944658
58.334726;944657
58.453013;944652
58.577588;944650
58.644079;944649
58.648758;944646
58.684163;944637
58.684429;944636
58.804093;944635
58.856507;944632
58.884612;944622
58.903114;944621
58.95972;944620
59.449173;944619
59.464498;944618
59.532038;944617
59.743834;944616
59.887136;944615
60.326815;944614
60.331609;944612
60.473798;944611
60.578667;944610
60.637648;944609
60.705959;944600
60.814447;944598
61.005305;944597
61.064016;944596
61.19549;944595
61.246343;944585
61.282207;944584
61.288754;944582
61.341422;944581
61.403535;944580
61.430225;944579
61.550005;944578
61.564206;944576
61.630332;944575
61.706957;944574
61.805155;944572
61.82562;944571
61.958939;944570
62.07222;944567
62.209774;944545
62.233171;944536
62.418782;944530
62.433871;944527
62.43737;944526
62.5108;944522
62.997693;944416
63.103938;944415
63.166537;944414
63.464116;944404
63.477944;944403
63.514548;944401
63.542164;944285
63.552017;944284
63.580184;944234
63.624204;944232
63.642124;944223
63.669209;944212
63.674432;944207
63.719109;944206
63.910504;944205
64.036303;944204
64.090581;944203
64.188357;944201
64.339118;944200
64.375949;944193
64.414611;944192
64.423935;944190
64.578102;944187
64.671769;944185
64.821599;944178
64.83447;944177
64.908172;944176
64.912171;944172
64.939654;944171
64.990859;944170
65.037887;944169
65.050078;944168
65.14037;944153
65.167237;944145
65.212201;944144
65.246017;944142
65.373477;944129
65.384378;944123
65.416382;944122
65.416854;944115
65.457052;944114
65.481912;944113
65.701461;944108
65.820728;944093
65.86176;944090
65.914935;944089
66.031248;944088
66.058988;944065
66.10639;944064
66.268765;944063
66.37446;944035
66.549792;944034
66.656056;944029
66.814854;944012
66.819322;944011
67.057891;944010
67.095814;944005
67.336823;944003
67.344216;944002
67.447747;944001
67.554913;944000
67.745322;943998
67.788681;943997
68.216592;943996
68.347406;943994
68.347797;943993
68.519062;943992
68.556457;943988
68.630532;943987
68.76299;943984
68.852154;943974
69.030613;943968
69.072551;943967
69.366497;943966
69.668978;943965
69.769179;943964
69.835138;943956
69.854366;943955
70.083238;943952
70.493691;943951
70.825511;943948
70.992821;943947
71.157475;943946
71.290113;943945
71.368052;943935
71.953254;943934
72.748123;943932
72.874087;943931
72.937897;943920
73.012242;943919
74.46752;943915
74.692291;943914
74.939509;943913
75.241631;943911
75.472111;943910
76.632359;943909
76.831183;943905
76.899;943904
76.903361;943903
76.960948;943899
76.985872;943898
77.125383;943897
77.273209;943894
77.339536;943893
78.00571;943892
78.037531;943891
78.337247;943877
78.352641;943876
79.89646;943861
80.302572;943858
80.566608;943857
80.657998;943851
80.788904;943849
80.89055;943844
80.908322;943842
81.335095;943841
81.853234;943839
82.274152;943838
82.381859;943836
82.696022;943835
82.892067;943831
82.953392;943830
83.057776;943829
83.218814;943826
83.822211;943824
83.923992;943823
84.355738;943822
84.627855;943821
85.11959;943806
85.177622;943805
85.481259;943803
85.482175;943801
85.86225;943798
86.476798;943797
87.3424;943789
87.709032;943788
87.728498;943786
87.978697;943776
89.518775;943774
89.932323;943767
90.090907;943766
90.655197;943764
90.751378;943757
91.065595;943751
91.521555;943721
92.286892;943715
92.305463;943705
92.482226;943700
92.777681;943697
92.963633;943694
92.974511;943693
93.298452;943692
93.511067;943688
93.70762;943687
93.809271;943683
94.04395;943681
94.227187;943676
94.462411;943675
94.603366;943668
94.649474;943658
94.808204;943653
94.90577;943649
95.078252;943648
95.398992;943644
96.302067;943643
96.398211;943642
96.587324;943624
96.736695;943606
96.793968;943605
97.062146;943603
97.836483;943602
97.844682;943597
99.738305;943595
100.092906;943562
100.364702;943557
100.59597;943555
100.855055;943548
101.211229;943542
102.106645;943541
102.17855;943540
102.184627;943533
102.229142;943532
102.331709;943531
102.753435;943529
103.032358;943528
103.376612;943520
104.038163;943519
104.358193;943478
104.360994;943457
104.430623;943454
104.45371;943448
104.462202;943439
104.760599;943438
104.938453;943436
105.530064;943425
105.830912;943423
105.977;943419
105.981832;943416
107.375078;943415
107.530714;943414
107.550897;943407
107.639913;943406
108.063663;943401
108.105764;943400
108.205707;943399
108.575311;943396
108.79933;943390
109.453881;943389
110.210548;943378
114.442104;943376
115.178316;943367
116.136006;943363
116.236103;943362
117.240465;943361
117.513001;943360
117.721526;943345
117.731284;943316
117.904307;943292
117.98143;943283
118.49272;943282
118.627747;943278
118.913316;943276
119.306648;943271
119.422573;943270
119.677128;943254
119.923572;943251
120.297015;943250
120.357759;943249
120.643451;943248
120.826141;943247
121.782771;943246
122.27553;943245
127.140034;943244
127.492516;943238
128.506703;943209
128.721226;943202
128.809565;943201
130.719759;943186
131.140758;943183
132.379137;943182
133.588388;943179
134.881947;943176
139.000493;943175
141.128114;943174
141.545655;943173
142.109316;943166
142.276848;943165
142.55702;943147
142.762017;943146
142.833631;943144
143.042702;943143
144.589524;943139
144.672911;943135
145.42198;943133
145.458268;943130
145.853606;943128
145.864408;943119
145.940736;943118
146.436067;943116
147.92634;943113
148.115862;943112
149.116591;943109
149.529822;943104
149.674396;943101
149.937708;943100
149.978481;943097
150.185638;943081
150.247136;943075
150.4022;943063
150.478693;943041
150.855748;943038
150.908768;943028
151.042798;943018
151.190809;943017
152.352136;943016
152.961637;942992
154.116983;942989
157.159519;942988
157.209406;942986
159.756082;942984
161.228184;942982
162.074501;942972
162.603407;942970
163.429111;942968
164.81602;942966
165.590877;942965
166.789265;942961
167.10906;942957
167.124427;942956
168.516944;942955
169.36684;942953
169.86444;942950
169.945877;942949
171.305198;942948
173.492302;942938
173.860404;942934
173.913352;942932
174.118323;942925
176.929952;942924
177.385972;942923
177.538703;942921
177.566158;942920
178.172695;942919
178.373797;942896
178.58361;942895
178.695223;942886
185.529586;942879
185.728625;942876
187.328435;942873
187.706161;942869
189.904771;942868
191.783033;942829
192.253533;942828
193.199831;942816
193.717977;942807
196.735496;942806
199.046205;942801
201.201637;942800
201.965393;942786
202.24975;942752
202.270112;942751
202.770124;942750
203.509659;942733
203.860537;942719
203.931764;942717
204.118129;942715
204.487529;942714
205.064792;942711
205.343475;942710
206.404654;942709
206.622448;942699
206.755049;942688
207.021291;942669
207.176322;942667
208.309151;942666
208.443103;942665
208.897174;942663
210.233343;942661
210.259967;942660
211.630695;942656
211.832966;942654
213.746918;942652
214.343676;942651
215.900601;942650
218.860862;942648
219.774923;942646
220.125856;942643
221.849807;942642
223.458252;942617
223.641067;942616
225.351666;942612
225.575223;942609
225.748227;942606
226.263968;942598
228.521692;942592
231.256028;942591
232.013474;942588
232.688064;942579
233.277975;942569
233.971173;942568
233.98938;942566
234.053485;942562
234.182962;942561
234.270963;942557
234.484691;942556
234.588772;942551
236.761972;942540
238.113986;942511
238.595696;942509
239.707612;942508
241.90634;942507
242.621236;942506
243.583521;942485
243.813748;942483
244.766409;942482
245.704603;942478
245.758281;942455
246.711736;942452
247.959856;942446
248.080835;942431
249.326244;942419
249.46621;942418
250.000727;942414
250.923283;942413
252.31991;942369
252.85957;942368
253.236084;942342
253.418826;942341
255.355335;942336
255.872455;942335
256.284555;942323
257.344174;942322
257.379762;942311
257.840823;942308
260.734755;942300
261.625773;942299
262.073104;942269
262.19729;942176
264.381388;942171
264.727507;942170
265.615919;942168
265.69367;942165
265.833572;942164
266.384413;942163
267.74876;942131
268.043102;942108
268.238605;942107
268.939162;942106
269.63596;942105
269.992002;942100
270.009047;942099
270.372717;942098
270.386026;942097
270.730839;942095
270.809185;942092
270.921107;942091
271.58889;942089
271.777624;942088
272.095089;942086
272.533826;942076
274.015775;942074
275.593753;942071
276.35738;942070
276.995995;942068
277.63733;942063
277.645451;942062
283.529415;942052
283.916003;942051
289.852343;942046
290.247789;942045
290.311409;942044
291.696345;942043
292.933;942034
295.328414;942021
296.145563;942020
296.455281;942019
298.444673;942017
298.640337;942006
303.953497;942001
305.730503;941994
305.803591;941993
306.840678;941992
312.369515;941990
315.122527;941974
316.007033;941973
317.612149;941970
323.628415;941963
324.007032;941962
325.28676;941957
329.040774;941918
329.231535;941917
331.172196;941912
331.315331;941911
331.459507;941907
333.285866;941902
333.561003;941898
333.745852;941897
334.942192;941894
335.974824;941889
337.812032;941888
338.147354;941882
339.752934;941881
340.283895;941880
340.741994;941879
343.817782;941878
353.350693;941874
357.872514;941873
362.405904;941870
362.881481;941869
364.139863;941844
370.721762;941840
372.535764;941830
374.133329;941822
378.780892;941815
380.711123;941814
388.6817;941811
389.210838;941806
391.427828;941799
392.752459;941798
393.787786;941795
395.173503;941790
396.43585;941788
397.399555;941787
397.410097;941786
399.991233;941780
400.390351;941761
401.056947;941760
403.469057;941755
404.154206;941754
405.49259;941749
409.941819;941745
410.826682;941744
410.912755;941742
410.968161;941741
411.572717;941737
416.252112;941729
420.072261;941722
421.108682;941721
423.055566;941718
426.712886;941711
429.142102;941710
431.107701;941698
431.913378;941697
433.436583;941693
433.622837;941689
434.764382;941688
435.321702;941687
436.291733;941686
436.413681;941680
437.885722;941670
438.048212;941666
440.780122;941665
441.131855;941661
442.746471;941654
449.522858;941650
449.585657;941649
452.807844;941648
456.403055;941646
461.211448;941645
464.782299;941644
465.42853;941641
472.706026;941640
476.154067;941575
479.055563;941570
479.375633;941569
480.969244;941546
481.367778;941545
481.402309;941540
481.598842;941538
481.94565;941533
485.972662;941513
488.282931;941512
491.568147;941506
492.481181;941504
497.863586;941503
497.991728;941499
504.821585;941490
506.198806;941489
508.128582;941488
509.316536;941487
515.315482;941485
530.7206;941483
531.520253;941473
531.702593;941472
533.884987;941471
535.681924;941468
535.829235;941467
537.925879;941466
542.789131;941462
543.047109;941461
545.900908;941460
546.228782;941459
556.922853;941458
566.901226;941456
569.141949;941455
570.309486;941453
570.90988;941452
572.037346;941442
577.154961;941439
580.966094;941438
589.99354;941436
593.76505;941434
597.913003;941431
603.220861;941430
604.378934;941429
605.432416;941428
605.553298;941427
610.382999;941421
610.89876;941419
615.08784;941415
618.558548;941413
621.650841;941411
621.7057;941410
622.489594;941408
622.775029;941407
623.959703;941406
624.141434;941401
624.329863;941398
625.566967;941397
625.872633;941396
626.27177;941395
626.543948;941391
645.908894;941390
646.136949;941389
650.274123;941380
651.247704;941377
654.011571;941376
660.850412;941375
663.760014;941353
665.191707;941335
666.235893;941325
666.507555;941281
667.715449;941276
672.190151;941270
672.929646;941263
673.888242;941260
691.687126;941255
694.773175;941253
697.485939;941252
699.968734;941250
705.958417;941249
712.683423;941244
714.753617;941243
715.426634;941241
720.110686;941240
736.61725;941233
746.976338;941232
748.340743;941219
750.496801;941218
753.206501;941213
759.670758;941206
767.362481;941205
769.256175;941201
780.329874;941194
782.529615;941191
787.051559;941190
787.762341;941187
791.690499;941181
793.471612;941176
795.180653;941157
796.629937;941156
802.557961;941155
807.095191;941151
810.723222;941136
810.800979;941132
810.996515;941131
811.364301;941130
811.557988;941124
813.481287;941119
814.507483;941117
814.697015;941116
816.810887;941115
820.97507;941111
824.913113;941110
827.715465;941088
828.817308;941086
831.43675;941083
833.079668;941079
833.109393;941078
833.259518;941077
833.859926;941076
834.637497;941075
834.902031;941072
835.068307;941071
835.551174;941068
836.881757;941067
837.089753;941064
837.466788;941063
839.620625;941062
840.390634;941057
860.673909;941056
876.621902;941053
877.114987;941052
879.536542;941051
880.322102;941045
882.846478;941044
883.295342;941042
884.73592;941041
886.347066;941040
886.609621;941033
887.962492;940970
891.40987;940967
893.96111;940966
897.776576;940964
900.045778;940962
905.733504;940955
907.450767;940954
909.054424;940936
914.362794;940928
914.59165;940916
915.373794;940911
916.532461;940910
919.599917;940908
924.452979;940905
925.537036;940903
926.495724;940902
926.593579;940901
936.791171;940897
936.822243;940896
939.634615;940883
941.325615;940880
945.441787;940879
953.831018;940871
954.302241;940858
954.608048;940856
954.686389;940854
954.803105;940828
955.271683;940826
961.457408;940820
972.348069;940814
980.71175;940794
982.194486;940793
985.289196;940782
985.883876;940781
987.18084;940779
989.720053;940774
991.672614;940771
994.489512;940770
995.520675;940765
996.450855;940764
998.855642;940757
999.975666;940752
1000.639066;940738
1001.48498;940737
1002.897301;940735
1003.021985;940733
1006.966447;940732
1022.432325;940725
1024.321757;940722
1035.900816;940710
1037.436218;940706
1040.253539;940705
1044.428157;940703
1044.826013;940695
1045.625467;940662
1047.670599;940645
1047.706757;940642
1047.803614;940638
1047.959106;940635
1049.989852;940634
1051.809234;940622
1063.017038;940614
1068.416526;940613
1088.394976;940608
1089.299616;940607
1092.168451;940606
1099.042188;940603
1105.343186;940602
1106.651268;940601
1117.476077;940598
1117.711437;940597
1118.117646;940594
1126.2044;940589
1127.663776;940587
1128.558859;940584
1128.866781;940583
1138.443387;940580
1141.201814;940577
1141.814863;940576
1148.897267;940569
1150.334145;940568
1151.039274;940560
1154.458579;940558
1158.738551;940551
1171.147864;940548
1174.795137;940523
1175.774658;940516
1176.610707;940511
1198.037429;940484
1198.096357;940478
1199.701074;940477
1201.196514;940476
1203.154863;940475
1205.876932;940464
1206.767436;940453
1207.140444;940445
1207.276605;940444
1238.43873;940435
1240.840108;940434
1243.087135;940429
1244.060765;940423
1244.836931;940416
1246.009289;940414
1246.097771;940413
1249.80799;940412
1258.616314;940405
1261.3002;940404
1265.838441;940400
1283.052275;940364
1287.279693;940345
1289.876946;940341
1301.084349;940340
1318.574669;940336
1323.570281;940332
1325.033323;940331
1327.348939;940330
1335.313866;940325
1352.002863;940324
1358.180999;940315
1362.540165;940311
1363.199348;940306
1366.853063;940300
1369.004673;940299
1394.123595;940280
1417.275742;940273
1421.847614;940271
1423.248165;940262
1427.668633;940255
1428.574607;940254
1450.062347;940247
1493.840943;940245
1499.805561;940240
1512.223695;940239
1512.244477;940210
1513.500312;940209
1534.840591;940205
1560.608158;940204
1562.438888;940202
1563.608237;940184
1564.286199;940183
1574.645818;940177
1583.520027;940175
1594.144181;940157
1595.809801;940156
1601.025877;940154
1604.662025;940153
1609.454834;940152
1659.200198;940148
1659.689681;940147
1659.95126;940143
1660.027469;940142
1660.204708;940139
1663.374126;940138
1664.171937;940136
1678.071896;940129
1678.997756;940125
1679.628481;940124
1680.506894;940119
1681.812073;940116
1686.098536;940115
1688.459391;940114
1691.711608;940094
1692.507701;940092
1695.906822;940076
1696.515029;940067
1696.851395;940063
1697.325695;940053
1697.600279;940052
1698.395183;940049
1698.843757;940048
1699.444569;940036
1709.892245;940034
1711.358984;940029
1711.816692;940024
1722.55774;940023
1728.511408;940022
1730.422032;940018
1743.429066;940015
1769.75013;940014
1771.97726;940012
1785.589149;940011
1812.708236;940010
1827.843995;940009
1829.976716;940008
1844.52621;940007
1847.19831;940002
1847.398148;939971
1855.216825;939968
1877.755105;939967
1902.473872;939961
1931.342565;939960
1936.641988;939959
1936.642631;939958
1941.143089;939955
1950.160039;939952
2029.995537;939906
2030.040967;939905
2031.263033;939904
2034.968066;939894
2036.373527;939892
2037.586375;939891
2038.00529;939888
2046.199281;939887
2085.754987;939881
2087.212175;939872
2088.43084;939870
2093.581253;939866
2099.728587;939865
2101.351506;939862
2108.56173;939861
2151.246591;939858
2153.733634;939852
2154.30279;939850
2174.067432;939842
2175.749228;939841
2177.11278;939839
2184.003917;939837
2206.953846;939835
2228.618044;939822
2236.732212;939821
2266.243515;939820
2285.058215;939819
2286.025471;939818
2423.379664;939815
2430.166874;939806
2484.300332;939805
2493.939456;939801
2505.073845;939797
2518.258101;939796
2568.603822;939794
2576.731886;939788
2590.392828;939786
2592.16198;939782
2592.188202;939779
2592.317002;939778
2593.365812;939777
2593.530389;939776
2594.552006;939768
2598.022076;939765
2624.314925;939764
2692.224296;939763
2793.82801;939758
2926.177014;939754
2953.241023;939752
2958.983711;939751
2962.728996;939747
3023.754998;939735
3037.544493;939730
3069.101302;939729
3084.425293;939709
3086.343991;939705
3117.169468;939700
3132.584011;939697
3200.381761;939693
3215.736861;939689
3225.74063;939680
3319.12546;939676
3319.599001;939664
3362.648552;939663
3560.755155;939662
3592.897276;939661
3740.304581;939657
3776.404895;939646
3844.433;939645
3909.426124;939631
3920.792112;939614
3925.503582;939610
3927.693963;939585
3952.00671;939584
4055.564713;939575
4075.206396;939568
4075.614833;939563
4231.982418;939561
4243.715455;939558
4248.173092;939550
4324.671764;939542
4328.392041;939541
4330.185805;939535
4330.365359;939533
4330.549146;939523
4399.670695;939518
4401.417899;939517
4404.925056;939512
4413.791083;939511
4433.82521;939510
4437.060558;939508
4447.691687;939507
4528.500762;939498
4579.99069;939497
4684.223631;939488
4684.50568;939481
4685.689229;939480
4688.284927;939477
4688.968689;939474
4690.347593;939461
4692.552665;939460
4697.475439;939458
4713.453242;939456
4714.324223;939454
4715.94639;939451
4719.547011;939441
4721.880979;939436
4778.793329;939422
4809.59415;939421
4833.546992;939420
4833.976273;939419
4837.05694;939414
4897.920272;939406
4904.471294;939404
4905.160647;939403
4922.654299;939398
5004.092515;939385
5059.04846;939378
5163.52816;939373
5166.222578;939370
5172.536065;939362
5176.676364;939357
5185.700206;939354
5243.029376;939353
5257.179384;939352
5370.541482;939351
5373.186428;939349
5381.431849;939343
5389.05384;939342
5389.865053;939334
5391.294076;939331
5391.883965;939330
5392.042876;939327
5393.704757;939320
5396.888701;939319
5402.23591;939318
5405.169122;939316
5408.635584;939295
5413.077954;939294
5413.296818;939293
5414.321343;939291
5419.38917;939290
5424.646621;939289
5428.748066;939287
5430.02998;939284
5457.994492;939283
5500.009478;939280
5502.767657;939279
5507.301719;939278
5515.640771;939277
5517.99247;939276
5523.927511;939274
5534.264266;939273
5576.708905;939272
5674.469176;939271
5731.453749;939257
5732.384738;939253
5732.793021;939251
5739.16534;939247
5744.269186;939246
5744.849443;939245
5756.236495;939243
5757.470149;939242
5767.18833;939236
5865.237257;939234
5887.251006;939219
6053.452561;939206
6060.463691;939203
6074.896452;939194
6080.398626;939191
6081.106008;939189
6083.756284;939185
6087.128484;939183
6087.130328;939182
6089.039002;939179
6092.843528;939166
6098.26157;939164
6102.192967;939161
6102.564792;939160
6120.605176;939154
6135.133453;939140
6140.955812;939127
6150.732552;939121
6169.729588;939120
6194.2612;939118
6354.831913;939117
6357.173292;939116
6364.699858;939115
6366.946505;939106
6408.784974;939103
6425.866062;939101
6437.085422;939095
6446.356772;939091
6549.876562;939061
6555.245293;939059
6583.093016;939039
6585.191919;939031
6770.45789;939019
6772.579457;939018
7051.655086;939013
7131.479951;939004
7261.042393;938999
7275.412957;938997
7329.007437;938995
7336.208959;938994
7338.987174;938993
7340.051045;938989
7342.302578;938988
7385.61416;938982
7675.102404;938981
7855.919276;938970
8197.890176;938966
8198.324438;938965
8201.264517;938964
8256.765897;938953
8621.586903;938944
8628.914421;938942
8782.029853;938941
8785.348452;938940
8978.696499;938938
9174.732249;938935
9193.366529;938933
9204.400402;938922
9208.749074;938920
9214.711002;938910
9216.882813;938908
9230.750806;938902
9272.362418;938892
9272.468604;938879
9282.653014;938873
9377.712585;938870
9436.527887;938861
9439.549363;938851
9441.378957;938850
9453.507138;938849
9477.768137;938848
9516.605613;938844
9520.214134;938836
9522.772454;938834
9523.677832;938833
9533.374242;938832
9566.457907;938831
9571.40903;938823
9652.414504;938816
9689.085953;938815
9908.929617;938814
10003.8035;938813
10007.09058;938812
10018.13417;938805
10094.06873;938804
10232.69792;938799
10250.64934;938795
10341.43551;938793
10341.52776;938792
10363.70974;938778
10365.72983;938777
10367.55319;938767
10367.90305;938763
10367.96952;938751
10369.23745;938750
10369.5786;938749
10375.20962;938732
10388.58586;938723
10402.64391;938707
10403.98918;938694
10404.86538;938692
10411.38314;938691
10413.64704;938689
10420.92054;938686
10426.27497;938685
10427.38507;938674
10429.20001;938672
10437.38765;938666
10437.47982;938665
10448.49346;938662
10469.28303;938652
10502.85281;938651
10507.98119;938649
10725.63047;938648
10828.23144;938645
10986.77975;938639
10997.9121;938636
11118.38723;938635
11242.46957;938634
11719.32445;938623
11722.53504;938615
11746.70864;938603
11771.52095;938598
11783.84595;938588
11784.52513;938575
11785.01745;938574
11812.28232;938558
11817.97593;938556
11831.17228;938550
11914.37101;938542
11933.34333;938541
12201.49198;938540
12222.6041;938525
12230.06905;938524
12287.60161;938513
12288.20998;938500
12400.92263;938495
12509.74378;938488
12702.73647;938485
12838.81092;938481
12934.44481;938480
12939.89883;938479
12941.35224;938476
12948.81922;938475
13169.75159;938469
13524.99753;938468
13895.00558;938467
13959.29464;938465
13960.78142;938464
14007.00365;938462
14243.78985;938455
14523.08993;938451
14525.1318;938449
14680.94642;938447
14685.37941;938446
14715.75274;938442
14724.29372;938439
14731.05415;938437
14731.25252;938436
14737.92988;938435
15010.0643;938433
15025.53829;938426
15051.20991;938421
15052.21853;938414
15052.51016;938396
15055.44916;938394
15162.16953;938391
15171.74587;938390
15203.78501;938369
15204.41885;938367
15212.34643;938366
15354.6507;938360
15768.75891;938351
15807.04984;938350
16095.19462;938349
16136.3412;938348
16235.04837;938347
16275.14918;938346
16551.21475;938331
16551.75033;938330
16553.68183;938329
16561.89277;938324
16621.10526;938239
16623.68214;938236
16978.83856;938233
17023.85485;938230
17944.876;938229
17947.33767;938228
18463.50191;938227
19106.99694;938226
19402.29283;938224
19428.87123;938223
19433.53292;938222
19825.33029;938219
19864.63181;938214
19864.82302;938210
19867.50027;938202
19868.826;938197
19874.294;938191
19894.43727;938190
20163.54456;938172
20166.20459;938171
20170.76521;938170
20621.11943;938162
20627.40815;938161
20651.03082;938160
20655.91251;938159
20746.28462;938158
20756.65234;938157
20766.37704;938156
20949.39048;938155
21192.29775;938154
21323.39507;938153
21628.09537;938152
21645.13833;938151
22895.10311;938144
22900.14606;938143
22902.37773;938138
22902.41539;938137
22902.58768;938130
22904.75349;938125
22907.14858;938121
22954.69883;938120
23019.1141;938115
23019.81495;938114
23025.62434;938112
23118.52728;938101
23119.82279;938098
23143.789;938096
23153.73225;938089
23254.5251;938085
23255.83106;938084
23462.05083;938083
23571.78463;938080
23574.56957;938079
23581.12122;938078
23581.21638;938077
23608.90908;938033
23626.98117;938032
23631.79;938027
23635.89934;938023
23640.25495;938022
23640.34584;938021
23658.2727;938019
23658.33229;938018
23803.24929;938015
24228.58137;938014
25010.60222;938013
25029.66095;938012
25630.22626;938008
25653.0581;938007
25668.75356;938006
29135.31267;938002
29140.69939;937993
29168.83995;937992
29262.89666;937987
29264.44484;937986
29271.32242;937982
29525.67797;937981
29533.25138;937980
29550.37963;937978
29554.75481;937977
29653.46894;937974
29653.78176;937973
29810.20276;937971
29816.96568;937968
29868.87241;937967
29897.4144;937966
30114.97506;937965
30326.9461;937964
30966.50736;937963
31472.59017;937959
31472.63981;937958
37334.51449;937913
37526.1423;937902
37526.61752;937901
37526.73357;937891
37535.38737;937886
37558.03941;937884
37603.19686;937883
37653.2763;937881
39331.71003;937869
39445.80874;937859
39447.83688;937852
39454.08564;937851
39464.42357;937850
39468.41899;937849
39488.88286;937840
41309.14934;937837
41312.05699;937836
41313.42863;937835
41325.05198;937832
41369.81563;937829
41379.29388;937828
41423.30407;937827
43161.75947;937825
44420.01929;937816
44420.07548;937807
44420.61563;937800
44427.59081;937796
44481.93909;937790
44488.93103;937789
44496.35602;937786
44500.66805;937785
44699.96658;937771
44800.22467;937770
44803.59051;937768
44811.63502;937766
44813.2515;937764
44813.69829;937763
44813.90008;937760
44815.14149;937758
44815.23682;937753
44815.46127;937744
44818.4297;937742
44819.11252;937740
44834.12203;937728
44872.78269;937719
44934.6966;937715
44997.54515;937714
45398.56612;937713
45487.96028;937703
45709.75214;937701
45739.08605;937698
45754.31237;937696
45893.44478;937683
47025.52998;937653
57233.31984;937628
57233.72453;937627
57253.96495;937624
57256.62741;937616
63150.93185;937613
63160.04273;937612
63174.36343;937609
63176.51066;937608
63183.58248;937607
63192.16698;937602
63193.36083;937601
63204.85596;937590
63211.16699;937588
63214.89219;937587
63224.74939;937577
63226.82952;937575
63234.0533;937574
63469.58861;937572
63472.152;937571
63477.66832;937570
63487.83077;937569
63489.12119;937568
63604.98312;937567
64710.52081;937564
64712.13168;937561
64754.3343;937559
64819.92621;937558
64824.2832;937557
65668.73686;937556
70042.12274;937555
70046.00866;937551
70047.88339;937550
70244.54748;937548
70250.05252;937547
70256.60737;937546
70381.73078;937542
71595.37009;937541
71751.88898;937528
71759.01202;937522
72023.36851;937520
72072.4767;937519
72570.99576;937515
72911.17551;937512
72925.78274;937506
72932.34048;937485
72946.23418;937469
72992.39248;937467
72997.33558;937450
73025.00477;937448
73049.51615;937447
73105.74665;937438
73209.49854;937437
73256.65539;937436
73279.2585;937435
74019.13166;937434
74494.27964;937426
76391.24765;937425
79234.07703;937419
79234.60554;937413
79251.83129;937410
79252.87181;937408
79253.24738;937407
82675.65214;937406
82677.82481;937404
82733.77109;937396
82736.74864;937394
82762.07599;937391
82767.34592;937386
82871.10878;937370
82980.6923;937364
82987.58997;937362
82987.9876;937359
83095.55273;937354
83112.67265;937343
83119.26693;937331
83119.81563;937330
83133.48332;937325
83222.74429;937324
83312.40175;937322
83371.87137;937298
83506.80144;937297
83522.9145;937292
83562.12804;937285
83589.37357;937255
83589.74417;937251
83650.038;937250
84955.39029;937247
95915.27857;937245
96431.24542;937244
96431.57288;937238
96442.51642;937237
96460.29351;937233
96462.90108;937232
96507.55305;937231
96645.55957;937230
97991.52173;937223
97998.46418;937221
97999.1616;937216
98109.99065;937215
98208.04738;937214
98730.70818;937207
98826.50707;937197
98835.41478;937195
106637.8251;937191
109865.9342;937186
109878.2683;937179
109906.7324;937161
109914.1615;937159
110018.9254;937155
110533.1658;937153
110725.2167;937152
110830.5306;937150
110830.9964;937149
110975.7302;937144
113185.4067;937127
113185.4127;937101
113213.2161;937095
113269.1583;937091
113391.6541;937090
115625.9109;937088
121303.5138;937085
121303.5475;937084
121305.5498;937083
124837.8301;937082
124898.6015;937079
125924.6816;937078
127775.9303;937077
129445.8544;937076
129461.0805;937075
137410.6137;937074
139473.0777;937072
139473.1914;937071
139501.558;937069
146862.9963;937068
146891.869;937063
146908.1656;937061
146976.4606;937052
157411.6919;937044
158007.241;937042
166539.2498;937041
166722.491;937040
181033.3477;937036
181053.2764;937029
182836.3315;937028
182838.5093;937027
182921.8599;937026
182967.8668;937024
182999.6436;937023
183001.8653;937021
183060.6743;937015
183128.7493;937014
183133.8294;937011
183169.3427;937009
183637.734;937008
183713.382;937006
183713.4539;937005
183717.9051;937003
183740.8388;937002
192912.6395;936991
192919.9974;936990
192920.0948;936989
192999.5253;936988
193160.7175;936984
193165.0062;936976
193281.2994;936967
193293.2478;936960
193327.2123;936956
194397.6768;936947
217173.7566;936946
222779.3615;936945
222788.609;936936
232395.014;936935
232398.8128;936934
232764.9311;936929
233131.0527;936928
239372.0399;936927
244347.3259;936926
267117.1479;936915
267117.5757;936913
267127.7197;936912
267129.7094;936911
267350.5263;936909
267351.9487;936907
267390.1668;936904
267968.8157;936898
267986.5521;936897
268125.5807;936896
271755.6704;936895
272186.5399;936889
272372.2304;936886
280129.6866;936884
280129.8325;936883
280131.7113;936875
330558.7738;936872
330566.3773;936871
364015.2;936870
364015.4515;936869
364511.4724;936868
364566.0884;936864
378188.6819;936862
378606.6498;936861
392813.562;936859
392843.8823;936855
392856.5962;936843
392878.4496;936837
396358.9911;936836
